0.9375
0.9391871343937498
0.9404971506000002
0.9414281389312502
0.9419784192000001
0.9421465429687499
0.9419312957999998
0.9413316995062502
0.9403470144
0.9389767415437498
0.9372206249999999
0.9350786540812501
0.9325510656
0.9296383461187502
0.9263412341999999
0.9226607226562499
0.9185980607999998
0.9141547566937501
0.9093325794000003
0.9041335612312502
0.8985599999999999
0.8926144612687503
0.8862997806000003
0.8796190658062498
0.8725756992000001
0.8651733398437501
0.8574159257999995
0.8493076763812499
0.8408530944000004
0.8320569684187502
0.8229243749999997
0.8134606809562496
0.8036715455999999
0.7935629229937502
0.7831410641999997
0.7724125195312497
0.7613841408000002
0.7500630835687497
0.7384568094000005
0.7265730881062498
0.7144200000000003
0.70200593814375
0.6893396106000002
0.6764300426812501
0.6632865792000006
0.6499188867187496
0.6363369558000005
0.6225511032562501
0.6085719744
0.59441054529375
0.5800781250000001
0.5655863578312504
0.5509472255999994
0.53617304986875
0.5212764942000001
0.5062705664062495
0.4911686208000004
0.47598436044375
0.4607318393999996
0.44542546498125035
0.4300799999999997
0.4147105650187504
0.39933264059999957
0.38396206955625006
0.36861505919999976
0.35330818359375044
0.3380583858000002
0.32288298013124994
0.307799654399999
0.29282647216875035
0.277981875
0.2632846847062498
0.24875410559999955
0.23440972674375002
0.22027152419999943
0.20635986328125
0.1926955008000001
0.17929958731874926
0.16619366939999983
0.15339969185625013
0.14094000000000007
0.1288373418937499
0.11711487060000006
0.10579614643124946
0.09490513920000065
0.08446623046874986
0.07450421580000013
0.06504430700625001
0.056112134400000506
0.047733749043750454
0.03993562500000003
0.03274466158125038
0.02618818559999939
0.020293953618750186
0.015090154200000329
0.010605410156249802
0.006868780800000089
0.003909764193749877
0.00175829939999979
0.0004447687312503601
0.
0.0004552687687505579