0.
0.00029775001875
0.0011820006000000007
0.00263925455625
0.004656019200000001
0.007218808593750002
0.0103141458
0.013928565131249999
0.018048614400000003
0.02266085716875
0.02775187500000001
0.03330826970625
0.039316665599999995
0.045763711743750005
0.0526360842
0.05992048828125
0.0676036608
0.07567237231875001
0.08411342939999998
0.09291367685625003
0.10206000000000001
0.11153932689374998
0.1213386306
0.13144493143125
0.1418452992
0.15252685546875
0.16347677580000003
0.17468229200625002
0.18613069440000002
0.19780933404374995
0.20970562499999998
0.22180704658125003
0.2341011456000001
0.24657553861875006
0.2592179142
0.27201603515625006
0.2849577408
0.29803094919374995
0.3112236594
0.32452395373125
0.33792
0.3514000537687501
0.3649524606
0.37856565830625
0.3922281792
0.4059286523437501
0.4196558058
0.43339846888125
0.4471455744000001
0.46088616091875007
0.474609375
0.48830447345625
0.5019608256000001
0.51556791549375
0.5291153442000001
0.5425928320312501
0.5559902208
0.56929747606875
0.5825046893999999
0.59560208060625
0.6085799999999999
0.6214289306437499
0.6341394906
0.6467024351812499
0.6591086592000001
0.67134919921875
0.6834152358000001
0.69529809575625
0.7069892543999999
0.71848033779375
0.7297631250000001
0.74082955033125
0.7516717056
0.7622818423687499
0.7726523742
0.78277587890625
0.7926451008
0.8022529529437501
0.8115925194000002
0.8206570574812503
0.82944
0.83793495751875
0.8461357206
0.8540362620562498
0.8616307392000001
0.8689134960937499
0.8758790658
0.8825221726312501
0.8888377344000004
0.8948208646687501
0.9004668750000001
0.9057712772062502
0.9107297856000001
0.91533831924375
0.9195930041999998
0.92349017578125
0.9270263808000001
0.93019837981875
0.9330031494000003
0.93543788435625
0.9375
0.9391871343937498